time quantity 
0 0
0.001303780964797914 -2.051637762345848e-06
0.002607561929595828 -4.095345612409318e-06
0.003911342894393742 -6.131362451977651e-06
0.005215123859191656 -8.159903790661005e-06
0.00651890482398957 -1.018116506279476e-05
0.007822685788787484 -1.219532356899755e-05
0.009126466753585397 -1.420253877748578e-05
0.01043024771838331 -1.620295184912024e-05
0.01173402868318123 -1.819668523972418e-05
0.01303780964797914 -2.018384223378966e-05
0.01434159061277705 -2.216450723713237e-05
0.01564537157757497 -2.413874625473156e-05
0.01694915254237288 -2.610660835444811e-05
0.01825293350717079 -2.806812757816246e-05
0.01955671447196871 -3.002332575574584e-05
0.02086049543676662 -3.197221529083194e-05
0.02216427640156454 -3.39148024062208e-05
0.02346805736636245 -3.585109020964872e-05
0.02477183833116036 -3.778108081475828e-05
0.02607561929595828 -3.970477688941543e-05
0.02737940026075619 -4.162218235248538e-05
0.02868318122555411 -4.353330230566499e-05
0.02998696219035202 -4.543814286628312e-05
0.03129074315514994 -4.733671057977062e-05
0.03259452411994785 -4.922901250492551e-05
0.03389830508474576 -5.111505669952443e-05
0.03520208604954368 -5.299485332743714e-05
0.03650586701434159 -5.486841606439086e-05
0.03780964797913951 -5.6735763938498e-05
0.03911342894393742 -5.859692279353013e-05
0.04041720990873533 -6.045192648707065e-05
0.04172099087353325 -6.230081729374781e-05
0.04302477183833116 -6.414364552376206e-05
0.04432855280312908 -6.598046869887852e-05
0.04563233376792699 -6.781135018152362e-05
0.0469361147327249 -6.963635763113096e-05
0.04823989569752282 -7.145556164434019e-05
0.04954367666232073 -7.326903468762858e-05
0.05084745762711865 -7.507685051266755e-05
0.05215123859191656 -7.687908372244756e-05
0.05345501955671447 -7.867580971554489e-05
0.05475880052151239 -8.04671045262495e-05
0.0560625814863103 -8.225304431319636e-05
0.05736636245110821 -8.403370510001729e-05
0.05867014341590613 -8.580916176947895e-05
0.05997392438070404 -8.757948719440023e-05
0.06127770534550196 -8.934475158040023e-05
0.06258148631029987 -9.110502170939228e-05
0.06388526727509779 -9.286036103617334e-05
0.0651890482398957 -9.461082963824197e-05
0.06649282920469361 -9.635648474715097e-05
0.06779661016949153 -9.809738138599755e-05
0.06910039113428944 -9.983357297538298e-05
0.07040417209908735 -0.0001015651117650673
0.07170795306388526 -0.000103292048851289
0.07301173402868318 -0.0001050144339593828
0.07431551499348109 -0.0001067323152843525
0.07561929595827901 -0.0001084457388724758
0.07692307692307693 -0.0001101547484698706
0.07822685788787484 -0.0001118593854421146
0.07953063885267275 -0.0001135596890811108
0.08083441981747067 -0.0001152556970376306
0.08213820078226858 -0.0001169474461477638
0.08344198174706649 -0.0001186349730741831
0.0847457627118644 -0.000120318314779766
0.08604954367666232 -0.0001219975085304803
0.08735332464146023 -0.0001236725918256631
0.08865710560625815 -0.0001253436017483178
0.08996088657105607 -0.0001270105742734451
0.09126466753585398 -0.0001286735439713915
0.09256844850065189 -0.0001303325434036662
0.09387222946544981 -0.0001319876032939149
0.09517601043024772 -0.0001336387531858385
0.09647979139504563 -0.0001352860219014929
0.09778357235984354 -0.0001369294384887532
0.09908735332464146 -0.0001385690329456235
0.1003911342894394 -0.0001402048366934139
0.1016949152542373 -0.0001418368824626093
0.1029986962190352 -0.0001434652038361239
0.1043024771838331 -0.0001450898349675267
0.105606258148631 -0.0001467108092572111
0.1069100391134289 -0.0001483281587932872
0.1082138200782269 -0.0001499419139530112
0.1095176010430248 -0.0001515521031429934
0.1108213820078227 -0.0001531587530749778
0.1121251629726206 -0.0001547618894157665
0.1134289439374185 -0.0001563615375255178
0.1147327249022164 -0.0001579577233583596
0.1160365058670143 -0.0001595504737388342
0.1173402868318123 -0.000161139816997391
0.1186440677966102 -0.0001627257824274864
0.1199478487614081 -0.0001643083998064121
0.121251629726206 -0.0001658876986245783
0.1225554106910039 -0.0001674637073521001
0.1238591916558018 -0.0001690364526278909
0.1251629726205997 -0.0001706059591586317
0.1264667535853977 -0.0001721722500198641
0.1277705345501956 -0.0001737353470059322
0.1290743155149935 -0.0001752952718128142
0.1303780964797914 -0.0001768520465357248
0.1316818774445893 -0.0001784056945723922
0.1329856584093872 -0.0001799562406863409
0.1342894393741851 -0.0001815037110184381
0.1355932203389831 -0.0001830481324609501
0.136897001303781 -0.0001845895321268554
0.1382007822685789 -0.0001861279364843149
0.1395045632333768 -0.0001876633707706965
0.1408083441981747 -0.0001891958583846165
0.1421121251629726 -0.0001907254209398968
0.1434159061277705 -0.0001922520784478632
0.1447196870925684 -0.0001937758498977704
0.1460234680573664 -0.0001952967540432837
0.1473272490221643 -0.0001968148101716416
0.1486310299869622 -0.0001983300385544062
0.1499348109517601 -0.0001998424606497462
0.151238591916558 -0.000201352098776475
0.1525423728813559 -0.000202858975417719
0.1538461538461539 -0.0002043631126402712
0.1551499348109518 -0.0002058645314704233
0.1564537157757497 -0.0002073632514725254
0.1577574967405476 -0.0002088592906117626
0.1590612777053455 -0.0002103526656418442
0.1603650586701434 -0.0002118433925490937
0.1616688396349413 -0.0002133314872447833
0.1629726205997392 -0.0002148169662048449
0.1642764015645372 -0.0002162998469439348
0.1655801825293351 -0.0002177801483618236
0.166883963494133 -0.0002192578908006837
0.1681877444589309 -0.0002207330956724984
0.1694915254237288 -0.0002222057848506598
0.1707953063885267 -0.0002236759801244048
0.1720990873533246 -0.0002251437025670988
0.1734028683181225 -0.0002266089720859288
0.1747066492829205 -0.0002280718073057741
0.1760104302477184 -0.0002295322257621635
0.1773142112125163 -0.0002309902443200507
0.1786179921773142 -0.0002324458798825813
0.1799217731421121 -0.0002338991499035714
0.18122555410691 -0.0002353500730969404
0.182529335071708 -0.000236798669457583
0.1838331160365059 -0.0002382449603794967
0.1851368970013038 -0.000239688967882179
0.1864406779661017 -0.0002411307145135932
0.1877444589308996 -0.0002425702222337289
0.1890482398956975 -0.0002440075121683538
0.1903520208604954 -0.0002454426040960911
0.1916558018252933 -0.0002468755160836
0.1929595827900913 -0.0002483062646776446
0.1942633637548892 -0.0002497348649148634
0.1955671447196871 -0.0002511613306603877
0.196870925684485 -0.0002525856752244593
0.1981747066492829 -0.0002540079114980998
0.1994784876140808 -0.0002554280523434649
0.2007822685788787 -0.0002568461106760012
0.2020860495436766 -0.0002582620992281903
0.2033898305084746 -0.0002596760304500734
0.2046936114732725 -0.0002610879159747892
0.2059973924380704 -0.0002624977664928974
0.2073011734028683 -0.000263905592025937
0.2086049543676662 -0.0002653114017794334
0.2099087353324642 -0.0002667152044184551
0.2112125162972621 -0.0002681170088150164
0.21251629726206 -0.000269516823818261
0.2138200782268579 -0.0002709146585622157
0.2151238591916558 -0.0002723105220856503
0.2164276401564537 -0.0002737044225307184
0.2177314211212516 -0.0002750963671025453
0.2190352020860495 -0.0002764863610269508
0.2203389830508475 -0.0002778744078737461
0.2216427640156454 -0.0002792605094568135
0.2229465449804433 -0.0002806446668732754
0.2242503259452412 -0.0002820268817445015
0.2255541069100391 -0.0002834071577999531
0.226857887874837 -0.0002847855032575008
0.2281616688396349 -0.0002861619331031573
0.2294654498044328 -0.0002875364722467744
0.2307692307692308 -0.0002889091583788694
0.2320730117340287 -0.0002902800452408982
0.2333767926988266 -0.0002916492060403009
0.2346805736636245 -0.0002930167364956215
0.2359843546284224 -0.000294382757910272
0.2372881355932203 -0.0002957474193256981
0.2385919165580183 -0.0002971108987941395
0.2398956975228162 -0.000298473402987609
0.2411994784876141 -0.000299835164734974
0.242503259452412 -0.0003011964382737542
0.2438070404172099 -0.0003025574916402096
0.2451108213820078 -0.0003039185966315916
0.2464146023468057 -0.0003052800164475844
0.2477183833116036 -0.000306641991780543
0.2490221642764016 -0.0003080047263090968
0.2503259452411995 -0.000309368372515495
0.2516297262059974 -0.0003107330192024804
0.2529335071707953 -0.000312098681442885
0.2542372881355932 -0.0003134652941059191
0.2555410691003911 -0.0003148327085253921
0.256844850065189 -0.0003162006935037986
0.258148631029987 -0.0003175689394459003
0.2594524119947849 -0.0003189370659040236
0.2607561929595828 -0.0003203046318394076
0.2620599739243807 -0.0003216711485647394
0.2633637548891786 -0.0003230360949522115
0.2646675358539765 -0.0003243989345087517
0.2659713168187745 -0.0003257591346790267
0.2672750977835723 -0.0003271161870863626
0.2685788787483703 -0.0003284696291845357
0.2698826597131682 -0.0003298190657488043
0.2711864406779661 -0.000331164189160793
0.272490221642764 -0.000332504796824562
0.2737940026075619 -0.0003338408043804808
0.2750977835723599 -0.0003351722524065348
0.2764015645371578 -0.000336499306043514
0.2777053455019557 -0.0003378222459480273
0.2790091264667536 -0.0003391414513838065
0.2803129074315515 -0.0003404573767109564
0.2816166883963494 -0.0003417705224133538
0.2829204693611473 -0.0003430814038243302
0.2842242503259452 -0.0003443905213158516
0.2855280312907432 -0.0003456983332663643
0.2868318122555411 -0.0003470052364047405
0.288135593220339 -0.000348311553417302
0.2894393741851369 -0.0003496175294210868
0.2907431551499348 -0.0003509233364158426
0.2920469361147327 -0.0003522290845257015
0.2933507170795306 -0.0003535348368639557
0.2946544980443285 -0.0003548406267872561
0.2959582790091265 -0.0003561464730406083
0.2972620599739244 -0.0003574523935823137
0.2985658409387223 -0.0003587584139606026
0.2998696219035202 -0.0003600645725030382
0.3011734028683181 -0.0003613709212257898
0.3024771838331161 -0.0003626775243514846
0.3037809647979139 -0.0003639844547442816
0.3050847457627119 -0.0003652917907770448
0.3063885267275098 -0.0003665996127926174
0.3076923076923077 -0.0003679080015035474
0.3089960886571056 -0.000369217037376135
0.3102998696219035 -0.0003705268018554531
0.3116036505867014 -0.0003718373788532681
0.3129074315514994 -0.0003731488571474539
0.3142112125162972 -0.0003744613321792212
0.3155149934810952 -0.0003757749072152983
0.3168187744458931 -0.0003770896940202828
0.318122555410691 -0.0003784058116118594
0.3194263363754889 -0.0003797233849900383
0.3207301173402868 -0.0003810425426455932
0.3220338983050847 -0.0003823634132975595
0.3233376792698827 -0.000383686122993554
0.3246414602346806 -0.0003850107909060263
0.3259452411994785 -0.0003863375259292035
0.3272490221642764 -0.0003876664226054594
0.3285528031290743 -0.0003889975571447213
0.3298565840938723 -0.0003903309833350743
0.3311603650586701 -0.000391666728812412
0.3324641460234681 -0.0003930047912059642
0.333767926988266 -0.0003943451351240412
0.3350717079530639 -0.0003956876893824735
0.3363754889178618 -0.0003970323453517111
0.3376792698826597 -0.0003983789563648532
0.3389830508474576 -0.0003997273378999466
0.3402868318122556 -0.00040107726870664
0.3415906127770534 -0.0004024284929600164
0.3428943937418514 -0.0004037807228547408
0.3441981747066493 -0.0004051336434218733
0.3455019556714472 -0.0004064869185629316
0.3468057366362451 -0.0004078401983236279
0.348109517601043 -0.0004091931266572146
0.3494132985658409 -0.0004105453493274958
0.3507170795306389 -0.00041189652014606
0.3520208604954368 -0.0004132463076225168
0.3533246414602347 -0.000414594400152124
0.3546284224250326 -0.0004159405111381353
0.3559322033898305 -0.0004172843836514062
0.3572359843546284 -0.000418625794588845
0.3585397653194263 -0.0004199645580384992
0.3598435462842243 -0.0004213005282718285
0.3611473272490222 -0.0004226336023205324
0.3624511082138201 -0.0004239637226219894
0.363754889178618 -0.00042529087943044
0.3650586701434159 -0.0004266151134391105
0.3663624511082138 -0.0004279365186057316
0.3676662320730117 -0.0004292552439952857
0.3689700130378096 -0.0004305714954759843
0.3702737940026076 -0.0004318855364204843
0.3715775749674055 -0.0004331976876092991
0.3728813559322034 -0.0004345083247665471
0.3741851368970013 -0.0004358178743573138
0.3754889178617992 -0.000437126806680066
0.3767926988265971 -0.0004384356255890953
0.378096479791395 -0.0004397448548756344
0.379400260756193 -0.0004410550221976006
0.3807040417209909 -0.0004423666401749404
0.3820078226857888 -0.0004436801870584262
0.3833116036505867 -0.0004449960875279046
0.3846153846153846 -0.00044631469565104
0.3859191655801825 -0.0004476362816911994
0.3872229465449805 -0.0004489610232107921
0.3885267275097783 -0.0004502890021611528
0.3898305084745763 -0.000451620207534642
0.3911342894393742 -0.0004529545441238625
0.3924380704041721 -0.0004542918458589895
0.39374185136897 -0.0004556318927599889
0.3950456323337679 -0.0004569744303106749
0.3963494132985658 -0.000458319189058809
0.3976531942633638 -0.0004596659035773776
0.3989569752281616 -0.0004610143287844259
0.4002607561929596 -0.0004623642541776718
0.4015645371577575 -0.0004637155144018301
0.4028683181225554 -0.000465067996889168
0.4041720990873533 -0.0004664216468115434
0.4054758800521512 -0.0004677764692011532
0.4067796610169492 -0.0004691325287444759
0.4080834419817471 -0.0004704899468899182
0.409387222946545 -0.0004718488970598678
0.4106910039113429 -0.0004732095977411088
0.4119947848761408 -0.000474572302930909
0.4132985658409387 -0.0004759372910778659
0.4146023468057367 -0.0004773048522714873
0.4159061277705345 -0.0004786752743546341
0.4172099087353325 -0.000480048829306412
0.4185136897001304 -0.0004814257597887117
0.4198174706649283 -0.0004828062680399814
0.4211212516297262 -0.0004841905069730146
0.4224250325945241 -0.000485578574335177
0.423728813559322 -0.000486970510892748
0.42503259452412 -0.0004883663017793971
0.4263363754889178 -0.0004897658821456652
0.4276401564537158 -0.0004911691457625267
0.4289439374185137 -0.0004925759561131837
0.4302477183833116 -0.0004939861592567762
0.4315514993481095 -0.000495399596577073
0.4328552803129074 -0.0004968161173812824
0.4341590612777054 -0.0004982355884977085
0.4354628422425033 -0.0004996579016347535
0.4367666232073012 -0.0005010829763734126
0.4380704041720991 -0.0005025107600047374
0.439374185136897 -0.0005039412235579022
0.4406779661016949 -0.000505374355504129
0.4419817470664928 -0.0005068101543659331
0.4432855280312907 -0.0005082486210234993
0.4445893089960887 -0.0005096897526615241
0.4458930899608866 -0.0005111335387688598
0.4471968709256845 -0.0005125799602623271
0.4485006518904824 -0.0005140289909870699
0.4498044328552803 -0.0005154806021483438
0.4511082138200782 -0.0005169347678328773
0.4524119947848761 -0.0005183914711324178
0.453715775749674 -0.0005198507097716742
0.455019556714472 -0.0005213124994010165
0.4563233376792699 -0.0005227768750548645
0.4576271186440678 -0.0005242438896699841
0.4589308996088657 -0.0005257136102210236
0.4602346805736636 -0.0005271861120146326
0.4615384615384616 -0.0005286614724644423
0.4628422425032594 -0.0005301397648702633
0.4641460234680574 -0.0005316210536505661
0.4654498044328553 -0.0005331053914823247
0.4667535853976532 -0.0005345928186519799
0.4680573663624511 -0.0005360833647367613
0.469361147327249 -0.0005375770520958945
0.4706649282920469 -0.0005390739002228973
0.4719687092568449 -0.0005405739305479607
0.4732724902216427 -0.0005420771703141813
0.4745762711864407 -0.0005435836554223972
0.4758800521512386 -0.0005450934314810141
0.4771838331160365 -0.0005466065528756392
0.4784876140808344 -0.000548123080659213
0.4797913950456323 -0.0005496430794509344
0.4810951760104302 -0.000551166613784293
0.4823989569752282 -0.0005526937453368408
0.4837027379400261 -0.0005542245306069393
0.485006518904824 -0.0005557590206290985
0.4863102998696219 -0.0005572972616059158
0.4876140808344198 -0.0005588392970312661
0.4889178617992178 -0.0005603851703133156
0.4902216427640156 -0.0005619349276817509
0.4915254237288136 -0.0005634886205170275
0.4928292046936115 -0.0005650463067201628
0.4941329856584094 -0.0005666080507877869
0.4954367666232073 -0.0005681739227503257
0.4967405475880052 -0.0005697439962013551
0.4980443285528031 -0.0005713183458326831
0.4993481095176011 -0.0005728970448775073
0.500651890482399 -0.0005744801633089658
0.5019556714471969 -0.0005760677661257319
0.5032594524119948 -0.0005776599127131909
0.5045632333767927 -0.0005792566566069635
0.5058670143415906 -0.000580858045579058
0.5071707953063885 -0.0005824641216902737
0.5084745762711864 -0.0005840749212810969
0.5097783572359843 -0.0005856904750163316
0.5110821382007823 -0.0005873108078306988
0.5123859191655802 -0.0005889359390462978
0.5136897001303781 -0.0005905658830080984
0.5149934810951761 -0.0005922006500098664
0.5162972620599739 -0.0005938402473666393
0.5176010430247718 -0.0005954846806790481
0.5189048239895697 -0.0005971339548049848
0.5202086049543677 -0.0005987880748639096
0.5215123859191656 -0.0006004470462552813
0.5228161668839635 -0.000602110874923234
0.5241199478487614 -0.0006037795667590551
0.5254237288135594 -0.0006054531272907671
0.5267275097783573 -0.0006071315615601147
0.5280312907431551 -0.0006088148741867361
0.529335071707953 -0.0006105030701888392
0.530638852672751 -0.0006121961559570899
0.5319426336375489 -0.0006138941405577913
0.5332464146023468 -0.0006155970367853758
0.5345501955671447 -0.0006173048620445876
0.5358539765319427 -0.0006190176385731938
0.5371577574967406 -0.0006207353932856652
0.5384615384615384 -0.0006224581569758136
0.5397653194263363 -0.0006241859631981317
0.5410691003911343 -0.0006259188477757416
0.5423728813559322 -0.0006276568481720091
0.5436766623207301 -0.0006294000033817415
0.5449804432855281 -0.0006311483546801444
0.546284224250326 -0.0006329019469659691
0.5475880052151239 -0.0006346608297853606
0.5488917861799217 -0.000636425059036938
0.5501955671447197 -0.0006381946975855257
0.5514993481095176 -0.0006399698157193434
0.5528031290743155 -0.0006417504906064408
0.5541069100391134 -0.0006435368053021584
0.5554106910039114 -0.0006453288470380514
0.5567144719687093 -0.000647126705484613
0.5580182529335072 -0.0006489304711547739
0.559322033898305 -0.0006507402341537905
0.560625814863103 -0.0006525560837280509
0.5619295958279009 -0.0006543781079901834
0.5632333767926988 -0.0006562063946502494
0.5645371577574967 -0.0006580410311103346
0.5658409387222947 -0.0006598821050580739
0.5671447196870926 -0.0006617297043927106
0.5684485006518905 -0.000663583916489241
0.5697522816166884 -0.0006654448272818136
0.5710560625814863 -0.0006673125203899843
0.5723598435462842 -0.0006691870762105534
0.5736636245110821 -0.0006710685723374521
0.5749674054758801 -0.0006729570840817711
0.576271186440678 -0.0006748526870570259
0.5775749674054759 -0.0006767554596713854
0.5788787483702738 -0.0006786654864789909
0.5801825293350718 -0.0006805828611993192
0.5814863102998696 -0.0006825076890262238
0.5827900912646675 -0.0006844400882479729
0.5840938722294654 -0.0006863801910974576
0.5853976531942634 -0.0006883281439273858
0.5867014341590613 -0.0006902841075564492
0.5880052151238592 -0.0006922482576090516
0.5893089960886571 -0.0006942207857001392
0.5906127770534551 -0.0006962019010845477
0.5919165580182529 -0.0006981918329140857
0.5932203389830508 -0.0007001908319783645
0.5945241199478487 -0.000702199172596174
0.5958279009126467 -0.000704217152815545
0.5971316818774446 -0.0007062450939918641
0.5984354628422425 -0.0007082833388494247
0.5997392438070405 -0.0007103322484036667
0.6010430247718384 -0.000712392198684686
0.6023468057366362 -0.0007144635765836682
0.6036505867014341 -0.0007165467757612731
0.6049543676662321 -0.0007186421925686748
0.60625814863103 -0.0007207502210175853
0.6075619295958279 -0.0007228712472835408
0.6088657105606258 -0.0007250056422301032
0.6101694915254238 -0.000727153751941545
0.6114732724902217 -0.0007293158857408777
0.6127770534550195 -0.0007314923015460106
0.6140808344198174 -0.0007336831893900442
0.6153846153846154 -0.0007358886531398934
0.6166883963494133 -0.000738108692859063
0.6179921773142112 -0.0007403431884833722
0.6192959582790091 -0.0007425918872949744
0.6205997392438071 -0.0007448543973127553
0.621903520208605 -0.0007471301879247161
0.6232073011734028 -0.0007494185994108005
0.6245110821382008 -0.0007517188620591586
0.6258148631029987 -0.0007540301254957971
0.6271186440677966 -0.0007563514966009155
0.6284224250325945 -0.0007586820852161225
0.6297262059973925 -0.0007610210548463225
0.6310299869621904 -0.0007633676732323735
0.6323337679269883 -0.0007657213598764034
0.6336375488917861 -0.0007680817237869508
0.6349413298565841 -0.0007704485870827504
0.636245110821382 -0.0007728219904350464
0.6375488917861799 -0.0007752021767588602
0.6388526727509778 -0.0007775895543575828
0.6401564537157758 -0.0007799846406235655
0.6414602346805737 -0.0007823879932689071
0.6427640156453716 -0.0007848001365848845
0.6440677966101694 -0.0007872214918895892
0.6453715775749674 -0.0007896523226451624
0.6466753585397653 -0.0007920927006239697
0.6479791395045632 -0.0007945424987687577
0.6492829204693612 -0.0007970014106424284
0.6505867014341591 -0.0007994689927071086
0.651890482398957 -0.0008019447223590603
0.6531942633637549 -0.0008044280613614951
0.6544980443285529 -0.0008069185157937309
0.6558018252933507 -0.0008094156832212374
0.6571056062581486 -0.0008119192819213694
0.6584093872229465 -0.0008144291603202625
0.6597131681877445 -0.0008169452882065276
0.6610169491525424 -0.0008194677344393053
0.6623207301173403 -0.0008219966370235365
0.6636245110821382 -0.000824532170657255
0.6649282920469362 -0.0008270745175824601
0.666232073011734 -0.000829623843867644
0.6675358539765319 -0.000832180283333317
0.6688396349413298 -0.0008347439289881908
0.6701434159061278 -0.0008373148317457613
0.6714471968709257 -0.0008398930060402598
0.6727509778357236 -0.0008424784402176755
0.6740547588005215 -0.0008450711116698706
0.6753585397653195 -0.0008476710036495749
0.6766623207301173 -0.0008502781225585565
0.6779661016949152 -0.0008528925130326659
0.6792698826597132 -0.0008555142689794515
0.6805736636245111 -0.0008581435403203219
0.681877444589309 -0.000860780533692207
0.6831812255541069 -0.0008634255095749666
0.6844850065189049 -0.0008660787763334898
0.6857887874837028 -0.0008687406842180501
0.6870925684485006 -0.0008714116212391598
0.6883963494132985 -0.000874092013550154
0.6897001303780965 -0.0008767823322470836
0.6910039113428944 -0.0008794831083156485
0.6923076923076923 -0.0008821949551793828
0.6936114732724902 -0.0008849185992709785
0.6949152542372882 -0.0008876549159810843
0.6962190352020861 -0.0008904049666975666
0.6975228161668839 -0.0008931700330174763
0.6988265971316818 -0.0008959516401854106
0.7001303780964798 -0.0008987515640166421
0.7014341590612777 -0.0009015718152447505
0.7027379400260756 -0.0009044145959442584
0.7040417209908736 -0.0009072822280575821
0.7053455019556715 -0.000910177055069239
0.7066492829204694 -0.0009131013248107056
0.7079530638852672 -0.0009160570630704079
0.7092568448500652 -0.0009190459520920236
0.7105606258148631 -0.0009220692276323827
0.711864406779661 -0.0009251276076283066
0.7131681877444589 -0.0009282212616605889
0.7144719687092569 -0.0009313498257297326
0.7157757496740548 -0.0009345124607087474
0.7170795306388527 -0.0009377079465615612
0.7183833116036505 -0.0009409347988829087
0.7196870925684485 -0.0009441913914451927
0.7209908735332464 -0.0009474760664094362
0.7222946544980443 -0.0009507872177521026
0.7235984354628422 -0.0009541233391556769
0.7249022164276402 -0.0009574830344831753
0.7262059973924381 -0.0009608649978283257
0.727509778357236 -0.000964267975045896
0.7288135593220338 -0.0009676907203266527
0.7301173402868318 -0.0009711319610476998
0.7314211212516297 -0.0009745903789744048
0.7327249022164276 -0.0009780646119121883
0.7340286831812256 -0.000981553274459479
0.7353324641460235 -0.0009850549937509001
0.7366362451108214 -0.0009885684539785444
0.7379400260756193 -0.0009920924421780164
0.7392438070404173 -0.0009956258887418024
0.7405475880052151 -0.0009991678974272666
0.741851368970013 -0.001002717761803273
0.7431551499348109 -0.001006274966602883
0.7444589308996089 -0.001009839175451388
0.7457627118644068 -0.001013410207412857
0.7470664928292047 -0.001016988006351083
0.7483702737940026 -0.001020572607665304
0.7496740547588006 -0.001024164106377956
0.7509778357235984 -0.001027762630198215
0.7522816166883963 -0.001031368319716952
0.7535853976531942 -0.001034981316090811
0.7548891786179922 -0.001038601755030566
0.7561929595827901 -0.001042229765029212
0.757496740547588 -0.00104586546708596
0.758800521512386 -0.001049508973797186
0.7601043024771839 -0.001053160386516483
0.7614080834419817 -0.001056819790422603
0.7627118644067796 -0.001060487249307629
0.7640156453715776 -0.001064162802654867
0.7653194263363755 -0.001067846466393574
0.7666232073011734 -0.001071538240058345
0.7679269882659713 -0.001075238118933841
0.7692307692307693 -0.001078946110170342
0.7705345501955672 -0.001082662249006328
0.771838331160365 -0.001086386612305645
0.7731421121251629 -0.00109011932489933
0.7744458930899609 -0.001093860558773807
0.7757496740547588 -0.001097610523899561
0.7770534550195567 -0.001101369453556877
0.7783572359843546 -0.001105137587745109
0.7796610169491526 -0.001108915157095103
0.7809647979139505 -0.001112702371961927
0.7822685788787483 -0.001116499416642824
0.7835723598435462 -0.001120306449506669
0.7848761408083442 -0.001124123608080119
0.7861799217731421 -0.001127951016179241
0.78748370273794 -0.001131788792178456
0.788787483702738 -0.001135637055942551
0.7900912646675359 -0.001139495934237678
0.7913950456323338 -0.001143365564616028
0.7926988265971316 -0.001147246098319954
0.7940026075619296 -0.001151137701880911
0.7953063885267275 -0.001155040558334708
0.7966101694915254 -0.001158954866346873
0.7979139504563233 -0.001162880837975555
0.7992177314211213 -0.001166818693933314
0.8005215123859192 -0.001170768657269949
0.8018252933507171 -0.001174730946818636
0.8031290743155149 -0.001178705770892741
0.8044328552803129 -0.001182693324072615
0.8057366362451108 -0.001186693788015392
0.8070404172099087 -0.001190707337018093
0.8083441981747066 -0.001194734147918375
0.8096479791395046 -0.001198774411478531
0.8109517601043025 -0.001202828343374263
0.8122555410691004 -0.001206896190369733
0.8135593220338984 -0.001210978231797721
0.8148631029986962 -0.001215074773457836
0.8161668839634941 -0.001219186137621397
0.817470664928292 -0.001223312649567099
0.81877444589309 -0.001227454624855406
0.8200782268578879 -0.001231612360065082
0.8213820078226858 -0.001235786127847582
0.8226857887874837 -0.001239976177179081
0.8239895697522817 -0.001244182736808153
0.8252933507170795 -0.001248406019649817
0.8265971316818774 -0.001252646226086007
0.8279009126466753 -0.001256903544798238
0.8292046936114733 -0.001261178149993381
0.8305084745762712 -0.001265470196286866
0.8318122555410691 -0.001269779812121508
0.833116036505867 -0.001274107094823673
0.834419817470665 -0.001278452108808281
0.8357235984354628 -0.001282814888861727
0.8370273794002607 -0.001287195447725153
0.8383311603650587 -0.001291593786908241
0.8396349413298566 -0.001296009907947093
0.8409387222946545 -0.001300443822148667
0.8422425032594524 -0.001304895556874852
0.8435462842242504 -0.001309365158882692
0.8448500651890483 -0.001313852694079243
0.8461538461538461 -0.001318358246053641
0.847457627118644 -0.001322881914597396
0.848761408083442 -0.001327423815330242
0.8500651890482399 -0.001331984080617632
0.8513689700130378 -0.001336562859547197
0.8526727509778357 -0.001341160316493006
0.8539765319426337 -0.001345776624620321
0.8552803129074316 -0.001350411955735709
0.8565840938722294 -0.00135506646705652
0.8578878748370273 -0.00135974028720387
0.8591916558018253 -0.001364433505986362
0.8604954367666232 -0.001369146171879887
0.8617992177314211 -0.0013738783006223
0.863102998696219 -0.001378629894935868
0.864406779661017 -0.001383400974738214
0.8657105606258149 -0.001388191610458556
0.8670143415906127 -0.001393001951697226
0.8683181225554107 -0.001397832243639874
0.8696219035202086 -0.001402682824381385
0.8709256844850065 -0.00140755410056026
0.8722294654498044 -0.00141244650142891
0.8735332464146024 -0.001417360417792057
0.8748370273794003 -0.001422296133662293
0.8761408083441982 -0.001427253761715708
0.877444589308996 -0.001432233193043198
0.878748370273794 -0.001437234070331472
0.8800521512385919 -0.001442255788165037
0.8813559322033898 -0.001447297521081081
0.8826597131681877 -0.001452358273998922
0.8839634941329857 -0.001457436947755575
0.8852672750977836 -0.001462532409856276
0.8865710560625815 -0.001467643561183563
0.8878748370273793 -0.00147276939060248
0.8891786179921773 -0.001477909013420931
0.8904823989569752 -0.001483061694582899
0.8917861799217731 -0.001488226858707087
0.8930899608865711 -0.001493404091309269
0.894393741851369 -0.001498593134425796
0.8956975228161669 -0.001503793878687487
0.8970013037809648 -0.001509006351538389
0.8983050847457628 -0.001514230701394004
0.8996088657105606 -0.00151946717697804
0.9009126466753585 -0.001524716100621992
0.9022164276401564 -0.001529977838213625
0.9035202086049544 -0.00153525276689126
0.9048239895697523 -0.00154054124487879
0.9061277705345502 -0.001545843586296947
0.9074315514993481 -0.001551160043304911
0.9087353324641461 -0.001556490799183408
0.9100391134289439 -0.001561835970072423
0.9113428943937418 -0.001567195614611716
0.9126466753585397 -0.001572569748046648
0.9139504563233377 -0.001577958359149312
0.9152542372881356 -0.001583361428132202
0.9165580182529335 -0.001588778941479019
0.9178617992177314 -0.001594210903512749
0.9191655801825294 -0.001599657341326166
0.9204693611473272 -0.00160511830309451
0.9217731421121251 -0.001610593848783148
0.9230769230769231 -0.00161608403505431
0.924380704041721 -0.001621588895424297
0.9256844850065189 -0.001627108417965095
0.9269882659713168 -0.001632642524685091
0.9282920469361148 -0.001638191057050653
0.9295958279009127 -0.001643753770363299
0.9308996088657105 -0.001649330340987687
0.9322033898305084 -0.001654920388324932
0.9335071707953064 -0.00166052350860002
0.9348109517601043 -0.001666139317495707
0.9361147327249022 -0.001671767495582843
0.9374185136897001 -0.001677407830909861
0.9387222946544981 -0.001683060252158697
0.940026075619296 -0.001688724846160117
0.9413298565840938 -0.001694401857384786
0.9426336375488917 -0.001700091666648973
0.9439374185136897 -0.001705794752734802
0.9452411994784876 -0.001711511641236285
0.9465449804432855 -0.001717242847647293
0.9478487614080835 -0.001722988823407379
0.9491525423728814 -0.001728749913302963
0.9504563233376793 -0.001734526329397967
0.9517601043024772 -0.001740318144968889
0.9530638852672751 -0.001746125308255353
0.954367666232073 -0.001751947671650322
0.9556714471968709 -0.001757785030781278
0.9569752281616688 -0.001763637165716592
0.9582790091264668 -0.001769503874280209
0.9595827900912647 -0.001775384994129547
0.9608865710560626 -0.001781280410091179
0.9621903520208605 -0.001787190048309739
0.9634941329856584 -0.001793113859097861
0.9647979139504563 -0.001799051794486362
0.9661016949152542 -0.001805003784506098
0.9674054758800521 -0.001810969715972721
0.9687092568448501 -0.001816949418783409
0.970013037809648 -0.00182294265809535
0.9713168187744459 -0.001828949134519364
0.9726205997392438 -0.001834968489712985
0.9739243807040417 -0.001841000317715391
0.9752281616688396 -0.001847044181373381
0.9765319426336375 -0.001853099631953015
0.9778357235984355 -0.001859166234810194
0.9791395045632334 -0.001865243596817612
0.9804432855280313 -0.001871331393445974
0.9817470664928292 -0.001877429391893948
0.9830508474576272 -0.001883537466579988
0.984354628422425 -0.001889655602144824
0.9856584093872229 -0.001895783880467405
0.9869621903520208 -0.001901922452294924
0.9882659713168188 -0.001908071494145069
0.9895697522816167 -0.001914231156354473
0.9908735332464146 -0.00192040151069417
0.9921773142112125 -0.001926582508434915
0.9934810951760105 -0.001932773958055245
0.9947848761408083 -0.001938975533796627
0.9960886571056062 -0.001945186818319566
0.9973924380704041 -0.00195140738229127
0.9986962190352021 -0.00195763689976558
1 -0.001963875295042383
